root	clade_0	0.004715213840777923
clade_0	clade_1	0.004715215360763194
clade_0	M1.GCTGCGAAGGTGATAT-1	0.9952847854084983
clade_1	clade_2	0.060035294025127105
clade_1	clade_25	0.04852302921056356
clade_2	clade_3	0.06138107295461882
clade_2	clade_13	0.10859245333789078
clade_25	clade_26	0.031053113023484395
clade_25	clade_42	0.10839873248179227
clade_3	clade_4	0.014341423484934238
clade_3	clade_5	0.29873396100435445
clade_13	clade_14	0.08008786820955303
clade_13	clade_24	0.24316528366033183
clade_26	M1.GTCTCGTCATAGGATA-1	0.9109934258712356
clade_26	clade_27	0.08290250938185355
clade_42	clade_43	0.09324396152234875
clade_42	clade_49	0.0228231261900829
clade_4	M1.GTAACTGTCATGGTCA-1	0.8548117781752611
clade_4	M1.TCTGAGATCAGCTTAG-1	0.8548117781752611
clade_5	clade_6	0.004715224237792248
clade_5	clade_7	0.0047152161092364935
clade_14	clade_15	0.06488811893858068
clade_14	clade_23	0.2582259386999717
clade_24	M2.AGGGAGTAGCGTGAAC-1	0.578776537190493
clade_24	M2.GGACATTTCCTAGAAC-1	0.578776537190493
clade_27	clade_28	0.049199827313838596
clade_27	clade_38	0.052709638467959376
clade_43	clade_44	0.46550368111581114
clade_43	clade_47	0.27037539242108666
clade_49	M1.GTCTCGTGTTAAGATG-1	0.8108246825280604
clade_49	clade_50	0.488842272102748
clade_6	M1.CATGACATCTTCATGT-1	0.5657040163023258
clade_6	M1.CAGGTGCAGTTATCGC-1	0.5657040163023258
clade_7	clade_8	0.09555255738129344
clade_7	clade_11	0.11093935973745693
clade_15	clade_16	0.06432407769757875
clade_15	clade_21	0.16712018214116053
clade_23	LL.CTTTGCGTCTTGGGTA-1	0.4836280142239465
clade_23	RE.CTGGTCTGTAGCGTCC-1	0.4836280142239465
clade_28	clade_29	0.10999887155470775
clade_28	clade_37	0.22888392862456627
clade_38	clade_39	0.5753213936706891
clade_38	clade_40	0.4198867634991344
clade_44	clade_45	0.16969269342286486
clade_44	clade_46	0.04936732880018284
clade_47	clade_48	0.11402401589800559
clade_47	M1.GAATGAACATCCGGGT-1	0.47002845331103066
clade_50	M1.TTCTCAAGTGTTGGGA-1	0.3219824104253124
clade_50	M1.CTGAAACGTTTGTTTC-1	0.3219824104253124
clade_8	clade_9	0.004715214993097506
clade_8	LL.ATCTGCCGTACTCTCC-1	0.4701514662400972
clade_11	M1.AAATGCCCAGCGTAAG-1	0.454764661532426
clade_11	clade_12	0.004715225574293834
clade_16	clade_17	0.12082630909779811
clade_16	clade_19	0.1496667024083205
clade_21	M1.TTTACTGCATGGGACA-1	0.5098456526106478
clade_21	clade_22	0.2165331980124053
clade_29	clade_30	0.06032126056081962
clade_29	clade_35	0.2663603317788468
clade_37	M1.GTACTTTCAAACAACA-1	0.5500071601433997
clade_37	M1.GTGTGCGTCAGGTAAA-1	0.5500071601433997
clade_39	M2.TCAGCTCCAAACGTGG-1	0.20005988610626513
clade_39	M2.ACATGGTGTACGACCC-1	0.20005988610626513
clade_40	clade_41	0.004715216323693751
clade_40	M2.ATTATCCAGGTCGGAT-1	0.35549451721546355
clade_45	M1.CTAAGACAGATAGGAG-1	0.10520747119815785
clade_45	M1.GCAGTTATCGCCAGCA-1	0.10520747119815785
clade_46	M1.TCGGGACGTCCAGTTA-1	0.22553283582083988
clade_46	M1.GATCGTAGTCCTCTTG-1	0.22553283582083988
clade_48	M1.ATAACGCTCCTCGCAT-1	0.35600443741302507
clade_48	M1.GGCAATTTCTTGTATC-1	0.35600443741302507
clade_9	clade_10	0.11522897705366966
clade_9	M1.CGCGGTAAGTGACATA-1	0.46543625124699967
clade_12	M1.TTATGCTGTCAACTGT-1	0.4500494359581322
clade_12	M1.TGAAAGAAGCCAGTAG-1	0.4500494359581322
clade_17	M2.GCAAACTGTCCGAATT-1	0.4918154476571673
clade_17	clade_18	0.18040646532550964
clade_19	M2.ACGGGCTCAACTTGAC-1	0.4629750543466448
clade_19	clade_20	0.3478913099672869
clade_22	M2.CGATGTAGTCGTGGCT-1	0.2933124545982425
clade_22	M2.TCACAAGAGCCTTGAT-1	0.2933124545982425
clade_30	clade_31	0.2702844434941424
clade_30	clade_33	0.19577219529144024
clade_35	M1.ACCTTTATCCCTGACT-1	0.40253188593992395
clade_35	clade_36	0.06007768148619355
clade_41	M2.TGGTTAGGTTAAGGGC-1	0.3507793008917698
clade_41	M2.CGCGTTTGTCACAAGG-1	0.3507793008917698
clade_10	LL.GGATGTTGTTCGTCTC-1	0.35020727419333003
clade_10	LL.CAACCTCTCTCCTATA-1	0.35020727419333003
clade_18	M1.TTTGGTTGTGTGACGA-1	0.31140898233165765
clade_18	M1.ATCATGGGTCCAAGTT-1	0.31140898233165765
clade_20	M1.GATGCTATCTTCCTTC-1	0.11508374437935796
clade_20	M1.CGGAGCTGTTCCACGG-1	0.11508374437935796
clade_31	clade_32	0.24571800783604203
clade_31	M1.AACCATGGTCCATGAT-1	0.33828651379973323
clade_33	clade_34	0.25545618056204067
clade_33	M1.CAACTAGGTTACAGAA-1	0.4127987613872701
clade_36	M1.GATCGATAGCCATCGC-1	0.3424542044537304
clade_36	M1.GTTAAGCAGAAGGTGA-1	0.3424542044537304
clade_32	M1.CATGGCGAGACTGGGT-1	0.09256850596369123
clade_32	M1.ATGGGAGAGAAGGCCT-1	0.09256850596369123
clade_34	M1.CTACGTCTCCAACCAA-1	0.15734258082522948
clade_34	M1.GCAGCCATCTGGGCCA-1	0.15734258082522948
